# 制御構文 - 反復構造 - for文

### `for1.py`

``` python
for i in range(5):
    print("*", end="")
```

### 実行

``` 
$ python for1.py
*****
```

### 解説

* `for` 文によって反復構造を定義できる
* `for` は `in` 句に `range` 関数を指定できる
* `for` 文の構文が以下のとおり

``` 
for カウンター変数 in range関数:
    反復処理
```

---

### `for2.py`

``` python
total = 0
for i in range(1, 11):
    total += i
print(total)
```

### 実行

``` 
$ python for2.py 
55
```

### 解説

* `range` 関数には初期値、上限、増分値を指定できる
* `range(1, 11, 2)` と呼び出すと繰り返しごとに `2` ずつ増やすことができる
* `range` 関数は戻り値にリストを返却する

---

### `for3.py`

``` python
for i in range(1, 10):
    for j in range(1, 10):
        print(i * j, end=" ")
    print()
```

### 実行

``` 
$ python for3.py
1 2 3 4 5 6 7 8 9 
2 4 6 8 10 12 14 16 18 
3 6 9 12 15 18 21 24 27 
4 8 12 16 20 24 28 32 36 
5 10 15 20 25 30 35 40 45 
6 12 18 24 30 36 42 48 54 
7 14 21 28 35 42 49 56 63 
8 16 24 32 40 48 56 64 72 
9 18 27 36 45 54 63 72 81 
```

### 解説

* ネストする場合はカウンター変数の名前が重複しないようにする

---

### `for4.py`

``` python
for i in range(1, 10):
    for j in range(1, 10):
        if i == 5:
            break
        elif j == 5:
            continue
        print(i * j, end=" ")
    print()
```

### 実行

``` 
$ python for4.py
1 2 3 4 6 7 8 9 
2 4 6 8 12 14 16 18 
3 6 9 12 18 21 24 27 
4 8 12 16 24 28 32 36 

6 12 18 24 36 42 48 54 
7 14 21 28 42 49 56 63 
8 16 24 32 48 56 64 72 
9 18 27 36 54 63 72 81 
```

### 解説

* 反復構造の中で `break` キーワードが実行されると、その反復構造を終了する
* 反復構造の中で `continue` キーワードが実行されると、次の繰り返しに進む
* `break` や `continue` キーワードは `while` 文の中でも利用できる

---

### 演習

* [エクササイズ - 制御構文 - 反復構造 - for文](../ex/05_basic_ex.md)
